0000000000000000
0101100010001101
0110000100111101
0010110000010000
0010010011001101
1001000011011100
0101000010100001
0101000101000010
0101001010000011
0101001111000100
1010000100110101
1010001001000110
1101010101010111
1101011001101000
1001011110000111
0101000000001000
1011111111101100
0010010000011100
1011000000101100
1011111111001100
0010010000101100
1011000001001100
1011111110101100
0010010000111100
1011000001101100
1011111110001100
0010010001001100
1011000010001100
1011111101101100
0010010001011100
1011000010101100
1011111101001100
0010010001101100
1011000011001100
1011111100101100
0010010001111100
1011000011101100
1011111100001100
0010010010001100
1011000100001100
0101000000010001
1111001000000001
1011111001001100
0010010000011100
1011000111001100
0101000000111110
1111011001011110
0101001001101110
0010101011100000
0101000000010001
1011111100001100
0010000011000010
1011000100001100
1001001000010001
1101000100010011
1011111100101100
0010000011000100
1011000011101100
1111000101000011
1011111010001100
0010010000011100
1011000110001100
1011111100001100
0010010000101100
1011000100001100
1011111001101100
0010010000111100
1011000110101100
1011111100101100
0010010001001100
1011000011101100
0101000000101110
1111011001001110
0010110010100000
0101000000010001
1011111100001100
0010000011000010
1011000100001100
1001001000010001
1011111100001100
0010010000011100
1011000100001100
0010110000100000
0010110000110000
0101110100111110
0010101011100000
1011111101101100
0010000011000001
1011000010101100
1111001000000001
1011111101101100
0010010000011100
1011000010101100
0101000000101110
1111011000001110
0010110010110000
0101010110100001
1011111011101100
0010000011000010
1011000100101100
1011111011101100
0010010000011100
1011000100101100
0101011000111110
0110000000011110
0010101011100000
0101011001000001
1011111101001100
0010000011000010
1011000011001100
1101000100100011
1011111101101100
0010000011000001
1011000010101100
1110000100110100
1111001010000100
1011111101101100
0010010000011100
1011000010101100
1011111101001100
0010010000101100
1011000011001100
1011111010001100
0010010001001100
1011000110001100
0101000000101110
1111011000111110
0010110010110000
0101000001010001
1011111011101100
0010000011000010
1011000100101100
1011111011101100
0010010000011100
1011000100101100
0101010000111110
0110000000011110
0010101011100000
1011111010001100
0010000011000001
1011000110001100
0101000100011110
1111000100011110
1011111010001100
0010010000011100
1011000110001100
0101000000101110
1111011000111110
0010110010110000
0101000010100001
1011111011101100
0010000011000010
1011000100101100
1011111011101100
0010010000011100
1011000100101100
0101001011101110
0110000000011110
0010101011100000
1011111010001100
0010000011000001
1011000110001100
0101000110111110
1111000100011110
1011111010001100
0010010000011100
1011000110001100
0101000000101110
1111011000111110
0010110010110000
0101000011110001
1011111011101100
0010000011000010
1011000100101100
1011111011101100
0010010000011100
1011000100101100
0101000110011110
0110000000011110
0010101011100000
1011111010001100
0010000011000001
1011000110001100
0101001001001110
1111000100011110
1011111010001100
0010010000011100
1011000110001100
0101000000101110
1111011000111110
0010110010110000
0101000101000001
1011111011101100
0010000011000010
1011000100101100
1011111011101100
0010010000011100
1011000100101100
0101000001001110
0110000000011110
0010101011100000
1011111010001100
0010000011000001
1011000110001100
0101001011111110
1111000100011110
1011111010001100
0010010000011100
1011000110001100
0101000000101110
1111011000111110
0010110010110000
0101000110010001
1011111011101100
0010000011000010
1011000100101100
1011111011101100
0010010000011100
1011000100101100
0101111011111110
0110000000001110
0010101011100000
1011111010001100
0010000011000001
1011000110001100
0101001110101110
1111000100011110
1011111010001100
0010010000011100
1011000110001100
0101000000101110
1111011000111110
0010110010110000
0101000111100001
1011111011101100
0010000011000010
1011000100101100
1011111011101100
0010010000011100
1011000100101100
0101110110101110
0110000000001110
0010101011100000
1011111010001100
0010000011000001
1011000110001100
0101010001101110
1111000100011110
1011111010001100
0010010000011100
1011000110001100
0101000000101110
1111011000111110
0010110010110000
0101001000110001
1011111011101100
0010000011000010
1011000100101100
1011111011101100
0010010000011100
1011000100101100
0101110001011110
0110000000001110
0010101011100000
1011111010001100
0010000011000001
1011000110001100
0101010101001110
1111000100011110
1011111010001100
0010010000011100
1011000110001100
0101000000101110
1111011000111110
0010110010110000
0101001010000001
1011111011101100
0010000011000010
1011000100101100
1011111011101100
0010010000011100
1011000100101100
0101101100001110
0110000000001110
0010101011100000
1011111010001100
0010000011000001
1011000110001100
0101011001001110
1111000100011110
1011111010001100
0010010000011100
1011000110001100
0101000000101110
1111011000111110
0010110010110000
0101001011010001
1011111011101100
0010000011000010
1011000100101100
1011111011101100
0010010000011100
1011000100101100
0101100110111110
0110000000001110
0010101011100000
1011111010001100
0010000011000001
1011000110001100
0101011101111110
1111000100011110
1011111010001100
0010010000011100
1011000110001100
0101000000101110
1111011000111110
0010110010110000
0101001100100001
1011111011101100
0010000011000010
1011000100101100
1011111011101100
0010010000011100
1011000100101100
0101100001101110
0110000000001110
0010101011100000
1011111010001100
0010000011000001
1011000110001100
0101100011111110
0110000000001110
1111000100011110
1011111010001100
0010010000011100
1011000110001100
0101000000101110
1111011000111110
0010110010110000
0101001101110001
1011111011101100
0010000011000010
1011000100101100
1011111011101100
0010010000011100
1011000100101100
0101011100001110
0110000000001110
0010101011100000
1011111010001100
0010000011000001
1011000110001100
0101101011011110
0110000000001110
1111000100011110
1011111010001100
0010010000011100
1011000110001100
0101000000101110
1111011000111110
0010110010100000
0101001111000001
1011111011101100
0010000011000010
1011000100101100
1011111011101100
0010010000011100
1011000100101100
0101010110111110
0010101011100000
1011111010001100
0010000011000001
1011000110001100
0101110101101110
0110000000001110
1111000100011110
1011111010001100
0010010000011100
1011000110001100
0101000000101110
1111011000111110
0010110010100000
0101010000010001
1011111011101100
0010000011000010
1011000100101100
1011111011101100
0010010000011100
1011000100101100
0101010001101110
0010101011100000
1011111010001100
0010000011000001
1011000110001100
0101000100111110
0110000000011110
1111000100011110
1011111010001100
0010010000011100
1011000110001100
0101000000101110
1111011000111110
0010110010100000
0101010001100001
1011111011101100
0010000011000010
1011000100101100
1011111011101100
0010010000011100
1011000100101100
0101001100011110
0010101011100000
1011111010001100
0010000011000001
1011000110001100
0101011101011110
0110000000011110
1111000100011110
1011111010001100
0010010000011100
1011000110001100
0101000000101110
1111011000111110
0010110010100000
0101010010110001
1011111011101100
0010000011000010
1011000100101100
1011111011101100
0010010000011100
1011000100101100
0101000111001110
0010101011100000
1011111010001100
0010000011000001
1011000110001100
0101001101111110
0110000000101110
1111000100011110
1011111010001100
0010010000011100
1011000110001100
0101000000101110
1111011000111110
0010110010010000
0101010100000001
1011111011101100
0010000011000010
1011000100101100
1011111011101100
0010010000011100
1011000100101100
0010110010000000
0101010101010001
1011111011101100
0010000011000010
1011000100101100
1011111011101100
0010010000011100
1011000100101100
1011111100001100
0010000011000001
1011000100001100
1001000000010010
1011111011101100
0010000011000011
1011000100101100
1001000000110100
1011111100001100
0010010000011100
1011000100001100
1011111011001100
0010010000101100
1011000101001100
1011111011101100
0010010000111100
1011000100101100
1011111010101100
0010010001001100
1011000101101100
1001000011001101
0010000011001100